59844
59849
59848
59829
59847
59843
59842
59822
59839
59838
59836
59835
59833
59832
59834
59837
59828
59800
59819
59825
59824
59817
59818
59808
59809
59812
59815
59806
59807
59792
59797
59803
59802
59799
59786
59768
59794
59791
59790
59785
59780
59778
59773
59742
59750
59766
59772
59769
59761
59747
59741
59757
59756
59754
59751
59733
59746
59744
59745
59740
59731
59737
59732
59728
59720
59717
59713
59718
59712
59707
59705
59708
59704
59703
59698
59697
59694
59686
59685
59672
59666
59678
59665
59679
59680
59676
59675
59670
59671
59673
59674
59664
59656
59657
59658
59641
59655
59642
59643
59640
59638
59637
59636
59635
59634
59633
59630
59631
59632
59625
59626
59628
59624
59623
59615
59610
59606
59602
59598
59597
59596
59595
59593
59594
59590
59592
59591
59576
59577
59585
59587
59589
59586
59575
59574
59573
59572
59571
59568
59566
59565
59562
59560
59561
59559
59545
59547
59546
59542
59541
59530
59534
59518
59522
59520
59521
59515
59519
59514
59500
59490
59468
59475
59489
59497
59498
59499
59501
59502
59508
59509
59510
59511
59491
59492
59483
59488
59487
59486
59485
59481
59479
59478
59477
59469
59472
59467
59466
59462
59464
59465
59463
59461
59457
59455
59456
59454
59451
59447
59446
59440
59437
59435
59434
59425
59426
59417
59412
59376
59405
59407
59414
59415
59409
59374
59408
59411
59406
59401
59404
59403
59402
59387
59394
59395
59390
59392
59391
59381
59377
59375
59356
59242
59344
59350
59358
59359
59364
59368
59369
59370
59371
59372
59355
59363
59360
59362
59347
59342
59346
59349
59338
59337
59306
58839
58813
58804
58785
58784
58783
58723
58702
58655
58567
58564
58563
58562
58559
58558
58557
58556
58480
58320
58236
58226
58223
58221
58214
58172
58163
58160
58155
58148
58145
59012
58916
58421
58413
58339
58193
58189
58143
58876
58879
58927
59302
59319
59327
59323
59326
59325
59324
59312
59311
59318
59231
59307
59305
59304
59303
59299
59245
59216
59298
59295
58800
59297
59286
59285
59284
59273
59243
59280
59281
59282
59283
59217
59184
59241
59240
59239
59238
59237
59236
59235
59234
59233
59219
59229
59221
59227
59226
59225
59224
59223
59222
59218
59208
59210
59211
59212
59213
59215
59214
59209
59207
59013
59199
59197
59148
59198
58828
58855
58744
58181
58943
58569
58333
58770
58574
58325
59101
59195
59102
59130
59146
59179
59178
59171
59177
59176
59170
59169
59168
59058
59024
59080
59165
59163
59162
59161
59160
59159
59158
59157
59033
59028
59149
59026
59023
59153
59154
59155
59152
59065
59055
59039
59143
59144
59142
59141
59138
59139
59137
59136
59145
58988
59147
59135
59134
59133
59132
59131
59128
58998
59127
59087
59041
59090
59020
59063
59111
59069
59098
59118
59049
59045
59117
59048
59016
59116
59051
59015
59052
59061
59062
59066
59068
59060
59072
58983
59042
59040
58894
59037
59036
59085
59025
59110
59084
59082
59029
59031
59067
59021
59017
59030
59027
59011
59010
59019
59071
59009
59044
59092
59094
59007
59006
59004
59003
58999
58995
59103
59056
59001
59076
59079
58990
59106
59035
58997
58985
59078
58994
58987
58989
59095
59096
58986
58993
58996
59000
59018
59034
59064
58991
58980
58981
58978
58979
58972
58971
58970
58969
58968
58967
58966
58965
58951
58963
58956
58954
58953
58952
58942
58938
58937
58940
58941
58939
58934
58931
58926
58928
58925
58923
58922
58915
58912
58911
58909
58908
58907
58906
58905
58903
58897
58896
58895
58888
58887
58884
58874
58880
58877
58870
58868
58865
58863
58862
58820
58852
58851
58848
58845
58843
58842
58841
58834
58832
58829
58830
58827
58824
58821
58819
58818
58812
58803
58810
58808
58805
58796
58797
58791
58790
58767
58787
58774
58780
58781
58758
58769
58768
58738
58735
58739
58760
58762
58757
58754
58748
58749
58736
58740
58747
58746
58741
58742
58730
58743
58734
58728
58726
58725
58717
58721
58663
58719
58718
58650
58716
58710
58708
58709
58706
58705
58704
58701
58699
58698
58697
58263
58288
58694
58687
58692
58680
58669
58690
58691
58688
58686
58684
58689
58649
58678
58677
58676
58675
58674
58659
58673
58672
58671
58668
58667
58670
58679
58665
58666
58662
58661
58660
58656
58653
58651
58658
58652
58648
58603
58572
58566
58570
58523
58553
58555
58521
58493
58496
58490
58487
58485
58455
58451
58450
58449
58448
58446
58445
58444
58443
58431
58430
58427
58425
58424
58420
58418
58417
58414
58404
58405
58401
58400
58397
58394
58393
58390
58389
58387
58386
58385
58384
58381
58380
58379
58376
58375
58372
58371
58370
58351
58368
58366
58363
58360
58330
58355
58357
58356
58352
58349
58348
58347
58342
58346
58344
58343
58336
58340
58338
58334
58329
58326
58323
58322
58314
58315
58317
58318
58316
58311
58310
58307
58305
58303
58299
58300
58298
58295
58291
58292
58287
58286
58273
58280
58266
58274
58272
58265
58260
58261
58258
58257
58262
58255
58247
58218
58243
58244
58241
58240
58238
58234
58231
58222
58217
58220
58216
58215
58213
58188
58208
58206
58205
58191
58202
58196
58190
58187
58194
58192
58186
58183
58184
58182
58175
58178
58176
58174
58171
58168
58161
58162
58159
58158
58157
58156
58154
58151
58150
58149
58140
58146
58144
58139
